Name,yma_pred_rf
Ursodexycholic acid,1
